head	1.2;
access;
symbols
	OPENBSD_6_2:1.2.0.68
	OPENBSD_6_2_BASE:1.2
	OPENBSD_6_1:1.2.0.66
	OPENBSD_6_1_BASE:1.2
	OPENBSD_6_0:1.2.0.62
	OPENBSD_6_0_BASE:1.2
	OPENBSD_5_9:1.2.0.52
	OPENBSD_5_9_BASE:1.2
	OPENBSD_5_8:1.2.0.60
	OPENBSD_5_8_BASE:1.2
	OPENBSD_5_7:1.2.0.58
	OPENBSD_5_7_BASE:1.2
	OPENBSD_5_6:1.2.0.56
	OPENBSD_5_6_BASE:1.2
	OPENBSD_5_5:1.2.0.54
	OPENBSD_5_5_BASE:1.2
	OPENBSD_5_4:1.2.0.50
	OPENBSD_5_4_BASE:1.2
	OPENBSD_5_3:1.2.0.48
	OPENBSD_5_3_BASE:1.2
	OPENBSD_5_2:1.2.0.46
	OPENBSD_5_2_BASE:1.2
	OPENBSD_5_1_BASE:1.2
	OPENBSD_5_1:1.2.0.44
	OPENBSD_5_0:1.2.0.42
	OPENBSD_5_0_BASE:1.2
	OPENBSD_4_9:1.2.0.40
	OPENBSD_4_9_BASE:1.2
	OPENBSD_4_8:1.2.0.38
	OPENBSD_4_8_BASE:1.2
	OPENBSD_4_7:1.2.0.34
	OPENBSD_4_7_BASE:1.2
	OPENBSD_4_6:1.2.0.36
	OPENBSD_4_6_BASE:1.2
	OPENBSD_4_5:1.2.0.32
	OPENBSD_4_5_BASE:1.2
	OPENBSD_4_4:1.2.0.30
	OPENBSD_4_4_BASE:1.2
	OPENBSD_4_3:1.2.0.28
	OPENBSD_4_3_BASE:1.2
	OPENBSD_4_2:1.2.0.26
	OPENBSD_4_2_BASE:1.2
	OPENBSD_4_1:1.2.0.24
	OPENBSD_4_1_BASE:1.2
	OPENBSD_4_0:1.2.0.22
	OPENBSD_4_0_BASE:1.2
	OPENBSD_3_9:1.2.0.20
	OPENBSD_3_9_BASE:1.2
	OPENBSD_3_8:1.2.0.18
	OPENBSD_3_8_BASE:1.2
	OPENBSD_3_7:1.2.0.16
	OPENBSD_3_7_BASE:1.2
	OPENBSD_3_6:1.2.0.14
	OPENBSD_3_6_BASE:1.2
	OPENBSD_3_5:1.2.0.12
	OPENBSD_3_5_BASE:1.2
	OPENBSD_3_4:1.2.0.10
	OPENBSD_3_4_BASE:1.2
	OPENBSD_3_3:1.2.0.8
	OPENBSD_3_3_BASE:1.2
	OPENBSD_3_2:1.2.0.6
	OPENBSD_3_2_BASE:1.2
	OPENBSD_3_1:1.2.0.4
	OPENBSD_3_1_BASE:1.2
	OPENBSD_3_0:1.2.0.2
	OPENBSD_3_0_BASE:1.2;
locks; strict;
comment	@# @;


1.2
date	2001.07.09.11.52.44;	author espie;	state Exp;
branches;
next	1.1;

1.1
date	2001.07.09.10.48.04;	author espie;	state Exp;
branches;
next	;


desc
@@


1.2
log
@trim it down
@
text
@1 10
1 11
1 12
1 16
1 17
1 19
1 2
1 20
1 21
1 22
1 27
1 29
1 3
1 30
1 38
1 39
1 4
1 40
1 5
1 6
1 7
10 12
10 30
11 12
11 13
11 20
11 22
11 30
11 31
11 5
11 7
12 10
12 20
12 21
12 27
12 5
12 6
13 11
13 12
13 20
13 22
13 29
13 30
13 5
13 7
14 10
14 12
14 27
14 30
15 12
15 16
15 30
15 38
16 10
16 12
16 15
16 17
16 21
16 22
16 27
16 30
16 35
16 40
16 6
16 7
17 10
17 11
17 12
17 16
17 20
17 21
17 27
17 29
17 30
17 38
17 5
17 6
18 10
18 16
18 17
18 21
18 27
18 38
18 40
18 6
19 10
19 12
19 14
19 27
19 30
19 32
2 1
2 12
2 16
2 20
2 30
2 38
2 5
21 10
21 12
21 16
21 22
21 27
21 30
21 38
21 7
22 10
22 12
22 19
22 27
22 30
22 4
23 10
23 16
23 17
23 21
23 27
23 34
23 38
23 40
23 6
24 10
24 16
24 17
24 21
24 27
24 38
24 40
24 6
25 10
25 12
25 14
25 16
25 21
25 26
25 27
25 30
25 32
25 38
25 6
25 9
26 10
26 12
26 14
26 21
26 25
26 27
26 30
26 32
26 6
26 8
27 12
27 30
28 10
28 16
28 17
28 21
28 27
28 38
28 40
28 6
29 12
29 13
29 20
29 22
29 30
29 31
29 5
29 7
3 1
3 2
30 10
30 20
30 21
30 27
30 5
30 6
31 11
31 12
31 20
31 22
31 29
31 30
31 5
31 7
32 10
32 12
32 27
32 30
33 10
33 16
33 17
33 21
33 27
33 34
33 38
33 40
33 6
34 10
34 21
34 27
34 6
35 12
35 16
35 30
35 38
36 10
36 16
36 17
36 21
36 27
36 38
36 40
36 6
37 10
37 16
37 17
37 21
37 27
37 34
37 38
37 40
37 6
38 10
38 11
38 12
38 15
38 17
38 20
38 21
38 22
38 27
38 29
38 30
38 35
38 40
38 5
38 6
38 7
39 11
39 15
39 16
39 22
39 29
39 35
39 38
39 7
4 10
4 12
4 14
4 27
4 30
4 32
40 10
40 11
40 12
40 16
40 18
40 20
40 21
40 22
40 23
40 24
40 25
40 26
40 27
40 28
40 29
40 30
40 33
40 36
40 37
40 38
40 41
40 42
40 5
40 6
40 7
40 8
40 9
41 10
41 16
41 17
41 21
41 27
41 38
41 40
41 6
42 10
42 16
42 17
42 21
42 27
42 38
42 40
42 6
6 10
6 12
6 16
6 22
6 27
6 30
6 38
6 7
7 10
7 12
7 19
7 27
7 30
7 4
8 10
8 12
8 14
8 16
8 21
8 26
8 27
8 30
8 32
8 38
8 6
8 9
9 10
9 12
9 14
9 21
9 25
9 27
9 30
9 32
9 6
9 8
@


1.1
log
@Add test that tsort fails (incorrect detection of cycle).
Based on a test case found by Dragos Ruiu (dr@@kyx.net)
@
text
@d1 9
a9 69
1 1
2 2
3 3
4 4
5 5
6 6
7 7
8 8
9 9
10 10
11 11
12 12
13 13
14 14
15 15
16 16
17 17
18 18
19 19
20 20
21 21
22 22
23 23
24 24
25 25
26 26
27 27
28 28
29 29
30 30
31 31
32 32
33 33
34 34
35 35
36 36
37 37
38 38
39 39
40 40
41 41
42 42
23 34
33 34
37 34
37 34
23 34
33 34
37 34
37 34
18 17
18 40
23 17
23 40
24 17
24 40
28 17
28 40
33 17
33 40
36 17
36 40
37 17
37 40
41 17
41 40
42 17
42 40
1 7
d11 1
a11 17
18 17
18 40
23 17
23 40
24 17
24 40
28 17
28 40
33 17
33 40
37 17
37 40
42 17
42 40
42 17
42 40
1 11
d13 4
a16 16
17 11
17 29
39 11
39 29
40 11
40 29
40 8
40 25
1 11
1 29
17 11
17 29
38 11
38 29
40 11
40 29
d18 14
a31 13
1 19
1 10
1 27
4 10
4 27
6 10
6 27
7 10
7 27
8 10
8 27
9 10
9 27
d33 2
d36 10
d47 1
d49 5
d55 5
d61 5
d67 5
d73 5
d79 3
d83 3
d87 2
d90 9
d100 3
d104 3
d108 2
d111 2
d114 3
d118 4
d123 3
d127 3
d131 5
d137 5
d143 4
d148 6
d155 3
d159 13
d173 2
d176 10
d187 1
d189 1
d191 3
d195 4
d200 1
d202 5
d208 3
d212 3
d216 3
d220 4
d225 7
d233 2
a234 9
40 10
40 27
41 10
41 27
42 10
42 27
16 15
16 35
38 15
d236 14
d251 2
d254 3
a256 30
8 14
8 32
19 14
19 32
25 14
25 32
42 16
42 38
42 16
42 38
1 16
1 38
15 16
15 38
18 16
18 38
23 16
23 38
24 16
24 38
28 16
28 38
33 16
33 38
35 16
35 38
36 16
36 38
37 16
37 38
d258 15
d274 8
d283 3
d287 3
d291 3
d295 4
a298 26
18 16
18 38
23 16
23 38
24 16
24 38
28 16
28 38
33 16
33 38
37 16
37 38
41 16
41 38
42 16
42 38
17 16
17 38
36 16
36 38
39 16
39 38
40 16
40 38
1 16
1 38
d300 3
d304 6
a309 66
8 16
8 38
15 16
15 38
17 16
17 38
18 16
18 38
21 16
21 38
23 16
23 38
24 16
24 38
25 16
25 38
28 16
28 38
33 16
33 38
35 16
35 38
36 16
36 38
37 16
37 38
39 16
39 38
40 16
40 38
41 16
41 38
42 16
42 38
40 37
23 17
23 40
28 17
28 40
33 17
33 40
37 17
37 40
1 7
1 22
40 23
1 11
1 29
17 11
17 29
39 11
39 29
40 11
40 29
40 8
40 25
1 11
1 29
17 11
17 29
38 11
38 29
40 11
40 29
1 4
1 19
a310 9
7 19
22 4
22 19
1 10
1 27
4 10
4 27
6 10
6 27
d312 5
d318 5
d324 4
d329 4
a332 1428
14 10
14 27
16 10
16 27
17 10
17 27
19 10
19 27
21 10
21 27
25 10
25 27
26 10
26 27
32 10
32 27
33 10
33 27
34 10
34 27
36 10
36 27
38 10
38 27
40 10
40 27
1 10
1 27
4 10
4 27
6 10
6 27
7 10
7 27
14 10
14 27
17 10
17 27
18 10
18 27
19 10
19 27
21 10
21 27
22 10
22 27
23 10
23 27
24 10
24 27
28 10
28 27
32 10
32 27
33 10
33 27
36 10
36 27
37 10
37 27
40 10
40 27
41 10
41 27
42 10
42 27
6 10
6 27
8 10
8 27
14 10
14 27
21 10
21 27
25 10
25 27
32 10
32 27
40 10
40 27
16 15
16 35
38 15
38 35
17 16
17 38
39 16
39 38
40 16
40 38
1 16
1 38
39 16
39 38
42 16
42 38
1 16
1 38
8 16
8 38
15 16
15 38
17 16
17 38
18 16
18 38
23 16
23 38
24 16
24 38
25 16
25 38
28 16
28 38
33 16
33 38
35 16
35 38
36 16
36 38
37 16
37 38
39 16
39 38
40 16
40 38
41 16
41 38
42 16
42 38
1 16
1 38
8 16
8 38
25 16
25 38
1 6
1 21
12 6
12 21
16 6
16 21
17 6
17 21
30 6
30 21
34 6
34 21
38 6
38 21
40 6
40 21
1 6
1 21
17 6
17 21
18 6
18 21
23 6
23 21
24 6
24 21
28 6
28 21
37 6
37 21
40 6
40 21
41 6
41 21
42 6
42 21
40 28
4 14
4 32
8 14
8 32
19 14
19 32
25 14
25 32
40 33
1 16
1 38
15 16
15 38
17 16
17 38
18 16
18 38
23 16
23 38
24 16
24 38
28 16
28 38
33 16
33 38
35 16
35 38
37 16
37 38
40 16
40 38
41 16
41 38
42 16
42 38
1 16
1 38
39 16
39 38
15 16
15 38
17 16
17 38
35 16
35 38
40 16
40 38
1 6
1 21
12 6
12 21
30 6
30 21
33 6
33 21
8 6
8 21
25 6
25 21
33 6
33 21
36 6
36 21
1 16
1 38
8 16
8 38
15 16
15 38
25 16
25 38
35 16
35 38
39 16
39 38
1 16
1 38
1 16
1 38
15 16
15 38
17 16
17 38
35 16
35 38
40 16
40 38
39 16
39 38
39 16
39 38
40 7
40 22
11 7
11 22
13 7
13 22
16 7
16 22
29 7
29 22
31 7
31 22
38 7
38 22
39 7
39 22
39 16
39 38
16 6
16 21
38 6
38 21
39 16
39 38
1 11
1 29
1 11
1 29
17 11
17 29
39 11
39 29
40 11
40 29
40 7
40 22
6 7
6 22
11 7
11 22
13 7
13 22
16 7
16 22
21 7
21 22
29 7
29 22
31 7
31 22
38 7
38 22
39 7
39 22
39 16
39 38
16 6
16 21
38 6
38 21
18 17
18 40
23 17
23 40
24 17
24 40
28 17
28 40
33 17
33 40
36 17
36 40
37 17
37 40
41 17
41 40
42 17
42 40
11 5
11 20
13 5
13 20
29 5
29 20
31 5
31 20
18 17
18 40
23 17
23 40
24 17
24 40
28 17
28 40
33 17
33 40
37 17
37 40
42 17
42 40
42 17
42 40
1 11
1 29
17 11
17 29
38 11
38 29
40 11
40 29
1 10
1 27
4 10
4 27
6 10
6 27
7 10
7 27
8 10
8 27
9 10
9 27
12 10
12 27
14 10
14 27
16 10
16 27
17 10
17 27
18 10
18 27
19 10
19 27
21 10
21 27
22 10
22 27
23 10
23 27
24 10
24 27
25 10
25 27
26 10
26 27
28 10
28 27
30 10
30 27
32 10
32 27
33 10
33 27
34 10
34 27
36 10
36 27
37 10
37 27
38 10
38 27
40 10
40 27
41 10
41 27
42 10
42 27
4 14
4 32
8 14
8 32
19 14
19 32
25 14
25 32
40 18
40 42
11 5
11 20
13 5
13 20
29 5
29 20
31 5
31 20
40 24
40 41
40 42
40 36
40 36
18 17
18 40
23 17
23 40
24 17
24 40
28 17
28 40
33 17
33 40
37 17
37 40
42 17
42 40
42 17
42 40
1 2
1 11
1 29
13 11
13 29
31 11
31 29
40 11
40 29
1 16
1 38
6 16
6 38
21 16
21 38
1 10
1 27
4 10
4 27
6 10
6 27
19 10
19 27
21 10
21 27
34 10
34 27
40 10
40 27
4 14
4 32
8 14
8 32
19 14
19 32
25 14
25 32
8 9
8 26
25 9
25 26
18 17
18 40
23 17
23 40
24 17
24 40
28 17
28 40
33 17
33 40
36 17
36 40
37 17
37 40
41 17
41 40
42 17
42 40
18 17
18 40
23 17
23 40
24 17
24 40
28 17
28 40
33 17
33 40
36 17
36 40
37 17
37 40
41 17
41 40
42 17
42 40
17 16
17 38
36 16
36 38
40 16
40 38
1 2
1 11
1 29
17 11
17 29
38 11
38 29
40 11
40 29
8 9
8 26
25 9
25 26
1 17
1 40
16 17
16 40
38 17
38 40
16 17
16 40
38 17
38 40
1 17
1 40
1 11
1 29
17 11
17 29
38 11
38 29
40 11
40 29
1 11
1 29
6 16
6 38
21 16
21 38
39 16
39 38
39 16
39 38
36 16
36 38
1 10
1 27
4 10
4 27
6 10
6 27
7 10
7 27
8 10
8 27
9 10
9 27
12 10
12 27
14 10
14 27
16 10
16 27
17 10
17 27
18 10
18 27
19 10
19 27
21 10
21 27
22 10
22 27
23 10
23 27
24 10
24 27
25 10
25 27
26 10
26 27
28 10
28 27
30 10
30 27
32 10
32 27
33 10
33 27
34 10
34 27
36 10
36 27
37 10
37 27
38 10
38 27
40 10
40 27
41 10
41 27
42 10
42 27
11 5
11 20
13 5
13 20
29 5
29 20
31 5
31 20
1 16
1 38
6 16
6 38
8 16
8 38
15 16
15 38
17 16
17 38
18 16
18 38
21 16
21 38
23 16
23 38
24 16
24 38
25 16
25 38
28 16
28 38
33 16
33 38
35 16
35 38
36 16
36 38
37 16
37 38
39 16
39 38
40 16
40 38
41 16
41 38
42 16
42 38
36 16
36 38
1 10
1 27
6 10
6 27
9 10
9 27
17 10
17 27
21 10
21 27
26 10
26 27
40 10
40 27
1 10
1 27
4 10
4 27
6 10
6 27
7 10
7 27
8 10
8 27
9 10
9 27
12 10
12 27
14 10
14 27
16 10
16 27
17 10
17 27
18 10
18 27
19 10
19 27
21 10
21 27
22 10
22 27
23 10
23 27
24 10
24 27
25 10
25 27
26 10
26 27
28 10
28 27
30 10
30 27
32 10
32 27
33 10
33 27
34 10
34 27
36 10
36 27
37 10
37 27
38 10
38 27
40 10
40 27
41 10
41 27
42 10
42 27
9 8
9 25
26 8
26 25
6 10
6 27
21 10
21 27
6 16
6 38
21 16
21 38
6 16
6 38
21 16
21 38
39 16
39 38
1 6
1 21
1 6
1 21
34 6
34 21
1 11
1 29
38 11
38 29
1 16
1 38
6 16
6 38
15 16
15 38
17 16
17 38
21 16
21 38
35 16
35 38
40 16
40 38
8 16
8 38
25 16
25 38
16 17
16 40
38 17
38 40
42 17
42 40
18 17
18 40
23 17
23 40
24 17
24 40
28 17
28 40
33 17
33 40
36 17
36 40
37 17
37 40
41 17
41 40
42 17
42 40
9 8
9 25
26 8
26 25
1 2
1 11
1 29
17 11
17 29
38 11
38 29
40 11
40 29
1 16
1 38
11 13
11 31
29 13
29 31
15 16
15 38
35 16
35 38
17 16
17 38
40 16
40 38
36 16
36 38
17 16
17 38
40 16
40 38
15 16
15 38
35 16
35 38
1 11
1 29
1 16
1 38
2 16
2 38
1 6
1 21
8 16
8 38
25 16
25 38
17 11
17 29
40 11
40 29
17 16
17 38
40 16
40 38
1 6
1 21
36 17
36 40
41 17
41 40
18 17
18 40
23 17
23 40
24 17
24 40
28 17
28 40
33 17
33 40
36 17
36 40
37 17
37 40
41 17
41 40
42 17
42 40
1 16
1 38
8 16
8 38
15 16
15 38
17 16
17 38
18 16
18 38
23 16
23 38
24 16
24 38
25 16
25 38
28 16
28 38
33 16
33 38
35 16
35 38
36 16
36 38
37 16
37 38
39 16
39 38
40 16
40 38
41 16
41 38
42 16
42 38
16 15
16 35
38 15
38 35
39 15
39 35
39 16
39 38
1 6
1 21
34 6
34 21
1 10
1 27
6 10
6 27
8 10
8 27
9 10
9 27
16 10
16 27
17 10
17 27
21 10
21 27
25 10
25 27
26 10
26 27
38 10
38 27
40 10
40 27
23 34
33 34
37 34
1 10
1 27
4 10
4 27
6 10
6 27
7 10
7 27
8 10
8 27
9 10
9 27
12 10
12 27
14 10
14 27
16 10
16 27
17 10
17 27
18 10
18 27
19 10
19 27
21 10
21 27
22 10
22 27
23 10
23 27
24 10
24 27
25 10
25 27
26 10
26 27
28 10
28 27
30 10
30 27
32 10
32 27
33 10
33 27
34 10
34 27
36 10
36 27
37 10
37 27
38 10
38 27
40 10
40 27
41 10
41 27
42 10
42 27
1 5
1 20
2 5
2 20
11 5
11 20
12 5
12 20
13 5
13 20
17 5
17 20
29 5
29 20
30 5
30 20
31 5
31 20
38 5
38 20
40 5
40 20
1 11
1 29
8 9
8 26
25 9
25 26
40 9
40 26
1 4
1 19
1 12
1 30
15 12
15 30
35 12
35 30
7 12
7 30
22 12
22 30
1 12
1 30
2 12
2 30
4 12
4 30
6 12
6 30
7 12
7 30
8 12
8 30
9 12
9 30
10 12
10 30
11 12
11 30
13 12
13 30
14 12
14 30
15 12
15 30
16 12
16 30
17 12
17 30
19 12
19 30
21 12
21 30
22 12
22 30
25 12
25 30
26 12
26 30
27 12
27 30
29 12
29 30
31 12
31 30
32 12
32 30
35 12
35 30
38 12
38 30
40 12
40 30
1 6
1 21
17 6
17 21
40 6
40 21
23 6
23 21
24 6
24 21
28 6
28 21
33 6
33 21
34 6
34 21
37 6
37 21
41 6
41 21
18 6
18 21
23 6
23 21
24 6
24 21
28 6
28 21
33 6
33 21
37 6
37 21
40 6
40 21
3 1
1 12
1 30
2 12
2 30
4 12
4 30
6 12
6 30
7 12
7 30
8 12
8 30
10 12
10 30
11 12
11 30
13 12
13 30
15 12
15 30
19 12
19 30
21 12
21 30
22 12
22 30
25 12
25 30
27 12
27 30
29 12
29 30
31 12
31 30
35 12
35 30
8 9
8 26
25 9
25 26
2 1
1 3
1 3
1 2
3 2
3 1
8 9
8 26
25 9
25 26
8 14
8 32
25 14
25 32
6 7
6 22
16 7
16 22
21 7
21 22
38 7
38 22
1 11
1 29
17 11
17 29
38 11
38 29
40 11
40 29
1 11
1 29
8 9
8 26
25 9
25 26
1 11
1 29
17 11
17 29
38 11
38 29
40 11
40 29
6 16
6 38
21 16
21 38
4 10
4 27
6 10
6 27
8 10
8 27
19 10
19 27
21 10
21 27
25 10
25 27
40 10
40 27
1 6
1 21
8 6
8 21
9 6
9 21
18 6
18 21
23 6
23 21
24 6
24 21
25 6
25 21
26 6
26 21
28 6
28 21
37 6
37 21
42 6
42 21
11 13
11 31
29 13
29 31
1 6
1 21
4 14
4 32
9 14
9 32
19 14
19 32
26 14
26 32
4 14
4 32
9 14
9 32
19 14
19 32
26 14
26 32
4 14
4 32
8 14
8 32
9 14
9 32
19 14
19 32
25 14
25 32
26 14
26 32
9 14
9 32
26 14
26 32
40 16
40 38
23 17
23 40
33 17
33 40
37 17
37 40
17 16
17 38
40 16
40 38
1 6
1 21
8 9
8 26
25 9
25 26
1 39
6 10
6 27
21 10
21 27
17 16
17 38
40 16
40 38
1 6
1 21
34 6
34 21
40 6
40 21
36 16
36 38
1 11
1 29
1 11
1 29
42 17
42 40
1 17
1 40
36 16
36 38
17 16
17 38
40 16
40 38
1 16
1 38
36 16
36 38
8 9
8 26
25 9
25 26
1 4
1 19
8 14
8 32
25 14
25 32
6 7
6 22
16 7
16 22
21 7
21 22
38 7
38 22
1 11
1 29
17 11
17 29
38 11
38 29
40 11
40 29
3 1
@

